0.000000
0.000000
0.000000
-0.160970
-0.160970
0.160970
0.160970
0.000000
0.806606
-0.806606
-0.806606
0.806606
-0.932032
0.932032
0.000000
0.932032
-0.932032
0.000000
0.000000
0.000000
-0.000000
-0.000000
0.000000
-0.000000
-0.000000
0.000000
0.000000
-0.932032
0.932032
0.000000
0.932032
-0.932032
-0.932032
-0.932032
-0.000000
-0.932032
-0.932032
0.932032
0.932032
0.000000
0.932032
0.932032
-0.800141
0.800141
0.000000
0.852508
0.351342
0.959869
-0.852508
-0.959869
-0.351342
0.800141
-0.800141
0.000000
-0.852508
-0.351342
0.852508
0.351342
0.000000
0.997549
0.996734
-0.160970
-0.978017
-0.978017
0.996734
0.997549
0.000000
-0.997549
-0.996734
-0.996734
-0.997549
0.160970
0.978017
0.978017
0.000000
-0.997549
-0.996734
0.160970
0.978017
0.978017
-0.996734
-0.997549
0.000000
0.997549
0.996734
0.996734
0.997549
-0.160970
-0.978017
-0.978017
-0.800141
0.800141
0.000000
0.852508
0.351342
0.959869
-0.852508
-0.959869
-0.351342
0.800141
-0.800141
0.000000
-0.852508
-0.351342
0.852508
0.351342
-0.909371
-0.909371
-0.806607
-0.302696
-0.753476
-0.276440
-0.302696
-0.276440
-0.753476
-0.909371
-0.909371
-0.806607
-0.302696
-0.753476
-0.302696
-0.753476
0.909371
0.909371
0.806607
0.302696
0.753476
0.276440
0.302696
0.276440
0.753476
0.909371
0.909371
0.806607
0.302696
0.753476
0.302696
0.753476
0.452168
-0.524026
-0.925532
-0.452168
0.925532
0.524026
0.452168
-0.925532
-0.524026
-0.452168
0.524026
0.925532
0.452168
-0.524026
-0.925532
-0.452168
0.925532
0.524026
0.452168
-0.925532
-0.524026
-0.452168
0.524026
0.925532
