-0.258819
-0.258819
-0.258819
0.410929
0.410929
0.099958
0.099958
-0.258819
-0.932107
0.626137
0.626137
-0.932107
0.994064
-0.806485
-0.258819
-0.806485
0.994064
-0.258819
0.258819
0.258819
0.258819
0.258819
-0.258819
0.258819
0.258819
0.258819
0.258819
0.994064
-0.806485
-0.258819
-0.806485
0.994064
0.806485
0.806485
-0.258819
0.806485
0.806485
-0.994064
-0.994064
-0.258819
-0.994064
-0.994064
0.617634
-0.928119
-0.258819
-0.958748
-0.097052
-0.854576
0.688172
0.999748
0.581689
-0.928119
0.617634
-0.258819
0.688172
0.581689
-0.958748
-0.097052
-0.258819
-0.981667
-0.941872
0.410929
0.998662
0.998662
-0.941872
-0.981667
-0.258819
0.945451
0.983671
0.983671
0.945451
0.099959
-0.890722
-0.890722
-0.258819
0.945451
0.983671
0.099959
-0.890722
-0.890722
0.983671
0.945451
-0.258819
-0.981667
-0.941872
-0.941872
-0.981667
0.410929
0.998662
0.998662
0.617634
-0.928119
-0.258819
-0.958748
-0.097052
-0.854576
0.688172
0.999748
0.581689
-0.928119
0.617634
-0.258819
0.688172
0.581689
-0.958748
-0.097052
0.986050
0.986050
0.626137
0.045705
0.557635
0.018288
0.045705
0.018288
0.557635
0.986050
0.986050
0.626137
0.045705
0.557635
0.045705
0.557635
-0.770720
-0.770720
-0.932107
-0.539059
-0.897969
-0.515754
-0.539059
-0.515754
-0.897969
-0.770720
-0.770720
-0.932107
-0.539059
-0.897969
-0.539059
-0.897969
-0.205911
0.726607
0.992002
0.667610
-0.795989
-0.285734
-0.205911
0.992002
0.726607
0.667610
-0.285734
-0.795989
-0.205911
0.726607
0.992002
0.667610
-0.795989
-0.285734
-0.205911
0.992002
0.726607
0.667610
-0.285734
-0.795989
