-1.000000
-1.000000
-1.000000
0.986959
0.986959
0.986959
0.986959
-1.000000
-0.591089
-0.591089
-0.591089
-0.591089
0.362375
0.362375
-1.000000
0.362375
0.362375
-1.000000
1.000000
1.000000
1.000000
1.000000
-1.000000
1.000000
1.000000
1.000000
1.000000
0.362375
0.362375
-1.000000
0.362375
0.362375
-0.362375
-0.362375
-1.000000
-0.362375
-0.362375
-0.362375
-0.362375
-1.000000
-0.362375
-0.362375
-0.599813
-0.599813
-1.000000
-0.522714
0.936247
0.280450
-0.522714
0.280450
0.936247
-0.599813
-0.599813
-1.000000
-0.522714
0.936247
-0.522714
0.936247
-1.000000
-0.069965
0.080749
0.986959
0.208525
0.208525
0.080749
-0.069965
-1.000000
-0.069965
0.080749
0.080749
-0.069965
0.986959
0.208525
0.208525
-1.000000
-0.069965
0.080749
0.986959
0.208525
0.208525
0.080749
-0.069965
-1.000000
-0.069965
0.080749
0.080749
-0.069965
0.986959
0.208525
0.208525
-0.599813
-0.599813
-1.000000
-0.522714
0.936247
0.280450
-0.522714
0.280450
0.936247
-0.599813
-0.599813
-1.000000
-0.522714
0.936247
-0.522714
0.936247
0.415986
0.415986
-0.591089
-0.953087
-0.657475
-0.961031
-0.953087
-0.961031
-0.657475
0.415986
0.415986
-0.591089
-0.953087
-0.657475
-0.953087
-0.657475
0.415986
0.415986
-0.591089
-0.953087
-0.657475
-0.961031
-0.953087
-0.961031
-0.657475
0.415986
0.415986
-0.591089
-0.953087
-0.657475
-0.953087
-0.657475
0.891933
0.851702
0.378669
0.891933
0.378669
0.851702
0.891933
0.378669
0.851702
0.891933
0.851702
0.378669
0.891933
0.851702
0.378669
0.891933
0.378669
0.851702
0.891933
0.378669
0.851702
0.891933
0.851702
0.378669
