-0.500000
-0.500000
-0.500000
0.354075
0.354075
0.632884
0.632884
-0.500000
0.402997
-0.994086
-0.994086
0.402997
-0.625976
0.988351
-0.500000
0.988351
-0.625976
-0.500000
0.500000
0.500000
0.500000
0.500000
-0.500000
0.500000
0.500000
0.500000
0.500000
-0.625976
0.988351
-0.500000
0.988351
-0.625976
-0.988351
-0.988351
-0.500000
-0.988351
-0.988351
0.625976
0.625976
-0.500000
0.625976
0.625976
-0.992848
0.393036
-0.500000
0.476937
0.772395
0.971496
-0.999651
-0.691046
0.163852
0.393036
-0.992848
-0.500000
-0.999651
0.163852
0.476937
0.772395
-0.500000
0.828921
0.903572
0.354076
-0.742725
-0.742725
0.903572
0.828921
-0.500000
-0.898886
-0.822823
-0.822823
-0.898886
0.632884
0.951250
0.951250
-0.500000
-0.898886
-0.822823
0.632884
0.951250
0.951250
-0.822823
-0.898886
-0.500000
0.828921
0.903572
0.903572
0.828921
0.354076
-0.742725
-0.742725
-0.992848
0.393036
-0.500000
0.476937
0.772395
0.971496
-0.999651
-0.691046
0.163852
0.393036
-0.992848
-0.500000
-0.999651
0.163852
0.476937
0.772395
-0.579546
-0.579546
-0.994086
-0.738686
-0.981267
-0.719920
-0.738686
-0.719920
-0.981267
-0.579546
-0.579546
-0.994086
-0.738686
-0.981267
-0.738686
-0.981267
0.995531
0.995531
0.402997
-0.214401
0.323792
-0.241111
-0.214401
-0.241111
0.323792
0.995531
0.995531
0.402997
-0.214401
0.323792
-0.214401
0.323792
0.837555
-0.027969
-0.612200
0.054378
0.990869
0.879671
0.837555
-0.612200
-0.027969
0.054378
0.879671
0.990869
0.837555
-0.027969
-0.612200
0.054378
0.990869
0.879671
0.837555
-0.612200
-0.027969
0.054378
0.879671
0.990869
