-0.965926
-0.965926
-0.965926
0.994992
0.994992
0.911667
0.911667
-0.965926
-0.779713
-0.362183
-0.362183
-0.779713
0.591255
0.108800
-0.965926
0.108800
0.591255
-0.965926
0.965926
0.965926
0.965926
0.965926
-0.965926
0.965926
0.965926
0.965926
0.965926
0.591255
0.108800
-0.965926
0.108800
0.591255
-0.108800
-0.108800
-0.965926
-0.108800
-0.108800
-0.591255
-0.591255
-0.965926
-0.591255
-0.591255
-0.372283
-0.786466
-0.965926
-0.725548
0.813411
0.022461
-0.284257
0.519326
0.995279
-0.786466
-0.372283
-0.965926
-0.284257
0.995279
-0.725548
0.813411
-0.965926
-0.325766
-0.179977
0.994992
0.454549
0.454549
-0.179977
-0.325766
-0.965926
0.190604
0.335971
0.335971
0.190604
0.911667
-0.051710
-0.051710
-0.965926
0.190604
0.335971
0.911667
-0.051710
-0.051710
0.335971
0.190604
-0.965926
-0.325766
-0.179977
-0.179977
-0.325766
0.994992
0.454549
0.454549
-0.372283
-0.786466
-0.965926
-0.725548
0.813411
0.022461
-0.284257
0.519326
0.995279
-0.786466
-0.372283
-0.965926
-0.284257
0.995279
-0.725548
0.813411
0.637174
0.637174
-0.362183
-0.842268
-0.440059
-0.856737
-0.842268
-0.856737
-0.440059
0.637174
0.637174
-0.362183
-0.842268
-0.440059
-0.842268
-0.440059
0.166449
0.166449
-0.779713
-0.998955
-0.830086
-0.999833
-0.998955
-0.999833
-0.830086
0.166449
0.166449
-0.779713
-0.998955
-0.830086
-0.998955
-0.830086
0.744511
0.958309
0.605311
0.978571
0.126221
0.687053
0.744511
0.605311
0.958309
0.978571
0.687053
0.126221
0.744511
0.958309
0.605311
0.978571
0.126221
0.687053
0.744511
0.605311
0.958309
0.978571
0.687053
0.126221
