-0.000000 -0.258819 -0.500000 -0.707107 -0.866025 -0.965926 -1.000000 -0.965926 -0.866025 -0.707107 -0.500000 -0.258819 0.000000 0.258819 0.500000 0.707107 0.866025 0.965926 1.000000 0.965926 0.866025 0.707107 0.500000 0.258819
-0.000000 -0.258819 -0.500000 -0.707107 -0.866025 -0.965926 -1.000000 -0.965926 -0.866025 -0.707107 -0.500000 -0.258819 0.000000 0.258819 0.500000 0.707107 0.866025 0.965926 1.000000 0.965926 0.866025 0.707107 0.500000 0.258819
-0.000000 -0.258819 -0.500000 -0.707107 -0.866025 -0.965926 -1.000000 -0.965926 -0.866025 -0.707107 -0.500000 -0.258819 0.000000 0.258819 0.500000 0.707107 0.866025 0.965926 1.000000 0.965926 0.866025 0.707107 0.500000 0.258819
0.160970 0.410929 0.632884 0.811709 0.935217 0.994992 0.986959 0.911667 0.774247 0.584062 0.354075 0.099958 -0.160970 -0.410929 -0.632884 -0.811709 -0.935217 -0.994992 -0.986959 -0.911667 -0.774247 -0.584062 -0.354075 -0.099958
0.160970 0.410929 0.632884 0.811709 0.935217 0.994992 0.986959 0.911667 0.774247 0.584062 0.354075 0.099958 -0.160970 -0.410929 -0.632884 -0.811709 -0.935217 -0.994992 -0.986959 -0.911667 -0.774247 -0.584062 -0.354075 -0.099958
-0.160970 0.099958 0.354075 0.584062 0.774247 0.911667 0.986959 0.994992 0.935217 0.811709 0.632884 0.410929 0.160970 -0.099958 -0.354075 -0.584062 -0.774247 -0.911667 -0.986959 -0.994992 -0.935217 -0.811709 -0.632884 -0.410929
-0.160970 0.099958 0.354075 0.584062 0.774247 0.911667 0.986959 0.994992 0.935217 0.811709 0.632884 0.410929 0.160970 -0.099958 -0.354075 -0.584062 -0.774247 -0.911667 -0.986959 -0.994992 -0.935217 -0.811709 -0.632884 -0.410929
-0.000000 -0.258819 -0.500000 -0.707107 -0.866025 -0.965926 -1.000000 -0.965926 -0.866025 -0.707107 -0.500000 -0.258819 0.000000 0.258819 0.500000 0.707107 0.866025 0.965926 1.000000 0.965926 0.866025 0.707107 0.500000 0.258819
-0.806606 -0.932107 -0.994086 -0.988320 -0.915201 -0.779713 -0.591089 -0.362183 -0.108595 0.152393 0.402997 0.626137 0.806606 0.932107 0.994086 0.988320 0.915201 0.779713 0.591089 0.362183 0.108595 -0.152393 -0.402997 -0.626137
0.806606 0.626137 0.402997 0.152393 -0.108595 -0.362183 -0.591089 -0.779713 -0.915201 -0.988320 -0.994086 -0.932107 -0.806606 -0.626137 -0.402997 -0.152393 0.108595 0.362183 0.591089 0.779713 0.915201 0.988320 0.994086 0.932107
0.806606 0.626137 0.402997 0.152393 -0.108595 -0.362183 -0.591089 -0.779713 -0.915201 -0.988320 -0.994086 -0.932107 -0.806606 -0.626137 -0.402997 -0.152393 0.108595 0.362183 0.591089 0.779713 0.915201 0.988320 0.994086 0.932107
-0.806606 -0.932107 -0.994086 -0.988320 -0.915201 -0.779713 -0.591089 -0.362183 -0.108595 0.152393 0.402997 0.626137 0.806606 0.932107 0.994086 0.988320 0.915201 0.779713 0.591089 0.362183 0.108595 -0.152393 -0.402997 -0.626137
0.932032 0.994064 0.988351 0.915284 0.779842 0.591255 0.362375 0.108800 -0.152190 -0.402809 -0.625976 -0.806485 -0.932032 -0.994064 -0.988351 -0.915284 -0.779842 -0.591255 -0.362375 -0.108800 0.152190 0.402809 0.625976 0.806485
-0.932032 -0.806485 -0.625976 -0.402809 -0.152190 0.108800 0.362375 0.591255 0.779842 0.915284 0.988351 0.994064 0.932032 0.806485 0.625976 0.402809 0.152190 -0.108800 -0.362375 -0.591255 -0.779842 -0.915284 -0.988351 -0.994064
-0.000000 -0.258819 -0.500000 -0.707107 -0.866025 -0.965926 -1.000000 -0.965926 -0.866025 -0.707107 -0.500000 -0.258819 0.000000 0.258819 0.500000 0.707107 0.866025 0.965926 1.000000 0.965926 0.866025 0.707107 0.500000 0.258819
-0.932032 -0.806485 -0.625976 -0.402809 -0.152190 0.108800 0.362375 0.591255 0.779842 0.915284 0.988351 0.994064 0.932032 0.806485 0.625976 0.402809 0.152190 -0.108800 -0.362375 -0.591255 -0.779842 -0.915284 -0.988351 -0.994064
0.932032 0.994064 0.988351 0.915284 0.779842 0.591255 0.362375 0.108800 -0.152190 -0.402809 -0.625976 -0.806485 -0.932032 -0.994064 -0.988351 -0.915284 -0.779842 -0.591255 -0.362375 -0.108800 0.152190 0.402809 0.625976 0.806485
-0.000000 -0.258819 -0.500000 -0.707107 -0.866025 -0.965926 -1.000000 -0.965926 -0.866025 -0.707107 -0.500000 -0.258819 0.000000 0.258819 0.500000 0.707107 0.866025 0.965926 1.000000 0.965926 0.866025 0.707107 0.500000 0.258819
0.000000 0.258819 0.500000 0.707107 0.866025 0.965926 1.000000 0.965926 0.866025 0.707107 0.500000 0.258819 0.000000 -0.258819 -0.500000 -0.707107 -0.866025 -0.965926 -1.000000 -0.965926 -0.866025 -0.707107 -0.500000 -0.258819
0.000000 0.258819 0.500000 0.707107 0.866025 0.965926 1.000000 0.965926 0.866025 0.707107 0.500000 0.258819 0.000000 -0.258819 -0.500000 -0.707107 -0.866025 -0.965926 -1.000000 -0.965926 -0.866025 -0.707107 -0.500000 -0.258819
0.000000 0.258819 0.500000 0.707107 0.866025 0.965926 1.000000 0.965926 0.866025 0.707107 0.500000 0.258819 -0.000000 -0.258819 -0.500000 -0.707107 -0.866025 -0.965926 -1.000000 -0.965926 -0.866025 -0.707107 -0.500000 -0.258819
0.000000 0.258819 0.500000 0.707107 0.866025 0.965926 1.000000 0.965926 0.866025 0.707107 0.500000 0.258819 -0.000000 -0.258819 -0.500000 -0.707107 -0.866025 -0.965926 -1.000000 -0.965926 -0.866025 -0.707107 -0.500000 -0.258819
-0.000000 -0.258819 -0.500000 -0.707107 -0.866025 -0.965926 -1.000000 -0.965926 -0.866025 -0.707107 -0.500000 -0.258819 0.000000 0.258819 0.500000 0.707107 0.866025 0.965926 1.000000 0.965926 0.866025 0.707107 0.500000 0.258819
0.000000 0.258819 0.500000 0.707107 0.866025 0.965926 1.000000 0.965926 0.866025 0.707107 0.500000 0.258819 -0.000000 -0.258819 -0.500000 -0.707107 -0.866025 -0.965926 -1.000000 -0.965926 -0.866025 -0.707107 -0.500000 -0.258819
0.000000 0.258819 0.500000 0.707107 0.866025 0.965926 1.000000 0.965926 0.866025 0.707107 0.500000 0.258819 -0.000000 -0.258819 -0.500000 -0.707107 -0.866025 -0.965926 -1.000000 -0.965926 -0.866025 -0.707107 -0.500000 -0.258819
0.000000 0.258819 0.500000 0.707107 0.866025 0.965926 1.000000 0.965926 0.866025 0.707107 0.500000 0.258819 0.000000 -0.258819 -0.500000 -0.707107 -0.866025 -0.965926 -1.000000 -0.965926 -0.866025 -0.707107 -0.500000 -0.258819
0.000000 0.258819 0.500000 0.707107 0.866025 0.965926 1.000000 0.965926 0.866025 0.707107 0.500000 0.258819 0.000000 -0.258819 -0.500000 -0.707107 -0.866025 -0.965926 -1.000000 -0.965926 -0.866025 -0.707107 -0.500000 -0.258819
0.932032 0.994064 0.988351 0.915284 0.779842 0.591255 0.362375 0.108800 -0.152190 -0.402809 -0.625976 -0.806485 -0.932032 -0.994064 -0.988351 -0.915284 -0.779842 -0.591255 -0.362375 -0.108800 0.152190 0.402809 0.625976 0.806485
-0.932032 -0.806485 -0.625976 -0.402809 -0.152190 0.108800 0.362375 0.591255 0.779842 0.915284 0.988351 0.994064 0.932032 0.806485 0.625976 0.402809 0.152190 -0.108800 -0.362375 -0.591255 -0.779842 -0.915284 -0.988351 -0.994064
-0.000000 -0.258819 -0.500000 -0.707107 -0.866025 -0.965926 -1.000000 -0.965926 -0.866025 -0.707107 -0.500000 -0.258819 0.000000 0.258819 0.500000 0.707107 0.866025 0.965926 1.000000 0.965926 0.866025 0.707107 0.500000 0.258819
-0.932032 -0.806485 -0.625976 -0.402809 -0.152190 0.108800 0.362375 0.591255 0.779842 0.915284 0.988351 0.994064 0.932032 0.806485 0.625976 0.402809 0.152190 -0.108800 -0.362375 -0.591255 -0.779842 -0.915284 -0.988351 -0.994064
0.932032 0.994064 0.988351 0.915284 0.779842 0.591255 0.362375 0.108800 -0.152190 -0.402809 -0.625976 -0.806485 -0.932032 -0.994064 -0.988351 -0.915284 -0.779842 -0.591255 -0.362375 -0.108800 0.152190 0.402809 0.625976 0.806485
0.932032 0.806485 0.625976 0.402809 0.152190 -0.108800 -0.362375 -0.591255 -0.779842 -0.915284 -0.988351 -0.994064 -0.932032 -0.806485 -0.625976 -0.402809 -0.152190 0.108800 0.362375 0.591255 0.779842 0.915284 0.988351 0.994064
0.932032 0.806485 0.625976 0.402809 0.152190 -0.108800 -0.362375 -0.591255 -0.779842 -0.915284 -0.988351 -0.994064 -0.932032 -0.806485 -0.625976 -0.402809 -0.152190 0.108800 0.362375 0.591255 0.779842 0.915284 0.988351 0.994064
0.000000 -0.258819 -0.500000 -0.707107 -0.866025 -0.965926 -1.000000 -0.965926 -0.866025 -0.707107 -0.500000 -0.258819 -0.000000 0.258819 0.500000 0.707107 0.866025 0.965926 1.000000 0.965926 0.866025 0.707107 0.500000 0.258819
0.932032 0.806485 0.625976 0.402809 0.152190 -0.108800 -0.362375 -0.591255 -0.779842 -0.915284 -0.988351 -0.994064 -0.932032 -0.806485 -0.625976 -0.402809 -0.152190 0.108800 0.362375 0.591255 0.779842 0.915284 0.988351 0.994064
0.932032 0.806485 0.625976 0.402809 0.152190 -0.108800 -0.362375 -0.591255 -0.779842 -0.915284 -0.988351 -0.994064 -0.932032 -0.806485 -0.625976 -0.402809 -0.152190 0.108800 0.362375 0.591255 0.779842 0.915284 0.988351 0.994064
-0.932032 -0.994064 -0.988351 -0.915284 -0.779842 -0.591255 -0.362375 -0.108800 0.152190 0.402809 0.625976 0.806485 0.932032 0.994064 0.988351 0.915284 0.779842 0.591255 0.362375 0.108800 -0.152190 -0.402809 -0.625976 -0.806485
-0.932032 -0.994064 -0.988351 -0.915284 -0.779842 -0.591255 -0.362375 -0.108800 0.152190 0.402809 0.625976 0.806485 0.932032 0.994064 0.988351 0.915284 0.779842 0.591255 0.362375 0.108800 -0.152190 -0.402809 -0.625976 -0.806485
-0.000000 -0.258819 -0.500000 -0.707107 -0.866025 -0.965926 -1.000000 -0.965926 -0.866025 -0.707107 -0.500000 -0.258819 0.000000 0.258819 0.500000 0.707107 0.866025 0.965926 1.000000 0.965926 0.866025 0.707107 0.500000 0.258819
-0.932032 -0.994064 -0.988351 -0.915284 -0.779842 -0.591255 -0.362375 -0.108800 0.152190 0.402809 0.625976 0.806485 0.932032 0.994064 0.988351 0.915284 0.779842 0.591255 0.362375 0.108800 -0.152190 -0.402809 -0.625976 -0.806485
-0.932032 -0.994064 -0.988351 -0.915284 -0.779842 -0.591255 -0.362375 -0.108800 0.152190 0.402809 0.625976 0.806485 0.932032 0.994064 0.988351 0.915284 0.779842 0.591255 0.362375 0.108800 -0.152190 -0.402809 -0.625976 -0.806485
0.800141 0.617634 0.393036 0.141653 -0.119383 -0.372283 -0.599813 -0.786466 -0.919523 -0.989916 -0.992848 -0.928119 -0.800141 -0.617634 -0.393036 -0.141653 0.119383 0.372283 0.599813 0.786466 0.919523 0.989916 0.992848 0.928119
-0.800141 -0.928119 -0.992848 -0.989916 -0.919523 -0.786466 -0.599813 -0.372283 -0.119383 0.141653 0.393036 0.617634 0.800141 0.928119 0.992848 0.989916 0.919523 0.786466 0.599813 0.372283 0.119383 -0.141653 -0.393036 -0.617634
-0.000000 -0.258819 -0.500000 -0.707107 -0.866025 -0.965926 -1.000000 -0.965926 -0.866025 -0.707107 -0.500000 -0.258819 0.000000 0.258819 0.500000 0.707107 0.866025 0.965926 1.000000 0.965926 0.866025 0.707107 0.500000 0.258819
-0.852508 -0.958748 -0.999651 -0.972429 -0.878937 -0.725548 -0.522714 -0.284257 -0.026429 0.233200 0.476937 0.688172 0.852508 0.958748 0.999651 0.972429 0.878937 0.725548 0.522714 0.284257 0.026429 -0.233200 -0.476937 -0.688172
-0.351342 -0.097052 0.163852 0.413590 0.635143 0.813411 0.936247 0.995279 0.986485 0.910463 0.772395 0.581689 0.351342 0.097052 -0.163852 -0.413590 -0.635143 -0.813411 -0.936247 -0.995279 -0.986485 -0.910463 -0.772395 -0.581689
-0.959869 -0.854576 -0.691046 -0.480422 -0.237058 0.022461 0.280450 0.519326 0.722811 0.877038 0.971496 0.999748 0.959869 0.854576 0.691046 0.480422 0.237058 -0.022461 -0.280450 -0.519326 -0.722811 -0.877038 -0.971496 -0.999748
0.852508 0.688172 0.476937 0.233200 -0.026429 -0.284257 -0.522714 -0.725548 -0.878937 -0.972429 -0.999651 -0.958748 -0.852508 -0.688172 -0.476937 -0.233200 0.026429 0.284257 0.522714 0.725548 0.878937 0.972429 0.999651 0.958748
0.959869 0.999748 0.971496 0.877038 0.722811 0.519326 0.280450 0.022461 -0.237058 -0.480422 -0.691046 -0.854576 -0.959869 -0.999748 -0.971496 -0.877038 -0.722811 -0.519326 -0.280450 -0.022461 0.237058 0.480422 0.691046 0.854576
0.351342 0.581689 0.772395 0.910463 0.986485 0.995279 0.936247 0.813411 0.635143 0.413590 0.163852 -0.097052 -0.351342 -0.581689 -0.772395 -0.910463 -0.986485 -0.995279 -0.936247 -0.813411 -0.635143 -0.413590 -0.163852 0.097052
-0.800141 -0.928119 -0.992848 -0.989916 -0.919523 -0.786466 -0.599813 -0.372283 -0.119383 0.141653 0.393036 0.617634 0.800141 0.928119 0.992848 0.989916 0.919523 0.786466 0.599813 0.372283 0.119383 -0.141653 -0.393036 -0.617634
0.800141 0.617634 0.393036 0.141653 -0.119383 -0.372283 -0.599813 -0.786466 -0.919523 -0.989916 -0.992848 -0.928119 -0.800141 -0.617634 -0.393036 -0.141653 0.119383 0.372283 0.599813 0.786466 0.919523 0.989916 0.992848 0.928119
-0.000000 -0.258819 -0.500000 -0.707107 -0.866025 -0.965926 -1.000000 -0.965926 -0.866025 -0.707107 -0.500000 -0.258819 0.000000 0.258819 0.500000 0.707107 0.866025 0.965926 1.000000 0.965926 0.866025 0.707107 0.500000 0.258819
0.852508 0.688172 0.476937 0.233200 -0.026429 -0.284257 -0.522714 -0.725548 -0.878937 -0.972429 -0.999651 -0.958748 -0.852508 -0.688172 -0.476937 -0.233200 0.026429 0.284257 0.522714 0.725548 0.878937 0.972429 0.999651 0.958748
0.351342 0.581689 0.772395 0.910463 0.986485 0.995279 0.936247 0.813411 0.635143 0.413590 0.163852 -0.097052 -0.351342 -0.581689 -0.772395 -0.910463 -0.986485 -0.995279 -0.936247 -0.813411 -0.635143 -0.413590 -0.163852 0.097052
-0.852508 -0.958748 -0.999651 -0.972429 -0.878937 -0.725548 -0.522714 -0.284257 -0.026429 0.233200 0.476937 0.688172 0.852508 0.958748 0.999651 0.972429 0.878937 0.725548 0.522714 0.284257 0.026429 -0.233200 -0.476937 -0.688172
-0.351342 -0.097052 0.163852 0.413590 0.635143 0.813411 0.936247 0.995279 0.986485 0.910463 0.772395 0.581689 0.351342 0.097052 -0.163852 -0.413590 -0.635143 -0.813411 -0.936247 -0.995279 -0.986485 -0.910463 -0.772395 -0.581689
-0.000000 -0.258819 -0.500000 -0.707107 -0.866025 -0.965926 -1.000000 -0.965926 -0.866025 -0.707107 -0.500000 -0.258819 0.000000 0.258819 0.500000 0.707107 0.866025 0.965926 1.000000 0.965926 0.866025 0.707107 0.500000 0.258819
-0.997549 -0.981667 -0.898886 -0.754847 -0.559366 -0.325766 -0.069965 0.190604 0.438183 0.655901 0.828921 0.945451 0.997549 0.981667 0.898886 0.754847 0.559366 0.325766 0.069965 -0.190604 -0.438183 -0.655901 -0.828921 -0.945451
-0.996734 -0.941872 -0.822823 -0.647700 -0.428437 -0.179977 0.080749 0.335971 0.568298 0.761896 0.903572 0.983671 0.996734 0.941872 0.822823 0.647700 0.428437 0.179977 -0.080749 -0.335971 -0.568298 -0.761896 -0.903572 -0.983671
0.160970 0.410929 0.632884 0.811709 0.935217 0.994992 0.986959 0.911667 0.774247 0.584063 0.354076 0.099959 -0.160970 -0.410929 -0.632884 -0.811709 -0.935217 -0.994992 -0.986959 -0.911667 -0.774247 -0.584063 -0.354076 -0.099959
0.978017 0.998662 0.951250 0.839012 0.669596 0.454549 0.208525 -0.051710 -0.308421 -0.544113 -0.742725 -0.890722 -0.978017 -0.998662 -0.951250 -0.839012 -0.669596 -0.454549 -0.208525 0.051710 0.308421 0.544113 0.742725 0.890722
0.978017 0.998662 0.951250 0.839012 0.669596 0.454549 0.208525 -0.051710 -0.308421 -0.544113 -0.742725 -0.890722 -0.978017 -0.998662 -0.951250 -0.839012 -0.669596 -0.454549 -0.208525 0.051710 0.308421 0.544113 0.742725 0.890722
-0.996734 -0.941872 -0.822823 -0.647700 -0.428437 -0.179977 0.080749 0.335971 0.568298 0.761896 0.903572 0.983671 0.996734 0.941872 0.822823 0.647700 0.428437 0.179977 -0.080749 -0.335971 -0.568298 -0.761896 -0.903572 -0.983671
-0.997549 -0.981667 -0.898886 -0.754847 -0.559366 -0.325766 -0.069965 0.190604 0.438183 0.655901 0.828921 0.945451 0.997549 0.981667 0.898886 0.754847 0.559366 0.325766 0.069965 -0.190604 -0.438183 -0.655901 -0.828921 -0.945451
-0.000000 -0.258819 -0.500000 -0.707107 -0.866025 -0.965926 -1.000000 -0.965926 -0.866025 -0.707107 -0.500000 -0.258819 0.000000 0.258819 0.500000 0.707107 0.866025 0.965926 1.000000 0.965926 0.866025 0.707107 0.500000 0.258819
0.997549 0.945451 0.828921 0.655901 0.438183 0.190604 -0.069965 -0.325766 -0.559366 -0.754847 -0.898886 -0.981667 -0.997549 -0.945451 -0.828921 -0.655901 -0.438183 -0.190604 0.069965 0.325766 0.559366 0.754847 0.898886 0.981667
0.996734 0.983671 0.903572 0.761896 0.568298 0.335971 0.080749 -0.179977 -0.428437 -0.647700 -0.822823 -0.941872 -0.996734 -0.983671 -0.903572 -0.761896 -0.568298 -0.335971 -0.080749 0.179977 0.428437 0.647700 0.822823 0.941872
0.996734 0.983671 0.903572 0.761896 0.568298 0.335971 0.080749 -0.179977 -0.428437 -0.647700 -0.822823 -0.941872 -0.996734 -0.983671 -0.903572 -0.761896 -0.568298 -0.335971 -0.080749 0.179977 0.428437 0.647700 0.822823 0.941872
0.997549 0.945451 0.828921 0.655901 0.438183 0.190604 -0.069965 -0.325766 -0.559366 -0.754847 -0.898886 -0.981667 -0.997549 -0.945451 -0.828921 -0.655901 -0.438183 -0.190604 0.069965 0.325766 0.559366 0.754847 0.898886 0.981667
-0.160970 0.099959 0.354076 0.584063 0.774247 0.911667 0.986959 0.994992 0.935217 0.811709 0.632884 0.410929 0.160970 -0.099959 -0.354076 -0.584063 -0.774247 -0.911667 -0.986959 -0.994992 -0.935217 -0.811709 -0.632884 -0.410929
-0.978017 -0.890722 -0.742725 -0.544113 -0.308421 -0.051710 0.208525 0.454549 0.669596 0.839012 0.951250 0.998662 0.978017 0.890722 0.742725 0.544113 0.308421 0.051710 -0.208525 -0.454549 -0.669596 -0.839012 -0.951250 -0.998662
-0.978017 -0.890722 -0.742725 -0.544113 -0.308421 -0.051710 0.208525 0.454549 0.669596 0.839012 0.951250 0.998662 0.978017 0.890722 0.742725 0.544113 0.308421 0.051710 -0.208525 -0.454549 -0.669596 -0.839012 -0.951250 -0.998662
-0.000000 -0.258819 -0.500000 -0.707107 -0.866025 -0.965926 -1.000000 -0.965926 -0.866025 -0.707107 -0.500000 -0.258819 0.000000 0.258819 0.500000 0.707107 0.866025 0.965926 1.000000 0.965926 0.866025 0.707107 0.500000 0.258819
0.997549 0.945451 0.828921 0.655901 0.438183 0.190604 -0.069965 -0.325766 -0.559366 -0.754847 -0.898886 -0.981667 -0.997549 -0.945451 -0.828921 -0.655901 -0.438183 -0.190604 0.069965 0.325766 0.559366 0.754847 0.898886 0.981667
0.996734 0.983671 0.903572 0.761896 0.568298 0.335971 0.080749 -0.179977 -0.428437 -0.647700 -0.822823 -0.941872 -0.996734 -0.983671 -0.903572 -0.761896 -0.568298 -0.335971 -0.080749 0.179977 0.428437 0.647700 0.822823 0.941872
-0.160970 0.099959 0.354076 0.584063 0.774247 0.911667 0.986959 0.994992 0.935217 0.811709 0.632884 0.410929 0.160970 -0.099959 -0.354076 -0.584063 -0.774247 -0.911667 -0.986959 -0.994992 -0.935217 -0.811709 -0.632884 -0.410929
-0.978017 -0.890722 -0.742725 -0.544113 -0.308421 -0.051710 0.208525 0.454549 0.669596 0.839012 0.951250 0.998662 0.978017 0.890722 0.742725 0.544113 0.308421 0.051710 -0.208525 -0.454549 -0.669596 -0.839012 -0.951250 -0.998662
-0.978017 -0.890722 -0.742725 -0.544113 -0.308421 -0.051710 0.208525 0.454549 0.669596 0.839012 0.951250 0.998662 0.978017 0.890722 0.742725 0.544113 0.308421 0.051710 -0.208525 -0.454549 -0.669596 -0.839012 -0.951250 -0.998662
0.996734 0.983671 0.903572 0.761896 0.568298 0.335971 0.080749 -0.179977 -0.428437 -0.647700 -0.822823 -0.941872 -0.996734 -0.983671 -0.903572 -0.761896 -0.568298 -0.335971 -0.080749 0.179977 0.428437 0.647700 0.822823 0.941872
0.997549 0.945451 0.828921 0.655901 0.438183 0.190604 -0.069965 -0.325766 -0.559366 -0.754847 -0.898886 -0.981667 -0.997549 -0.945451 -0.828921 -0.655901 -0.438183 -0.190604 0.069965 0.325766 0.559366 0.754847 0.898886 0.981667
-0.000000 -0.258819 -0.500000 -0.707107 -0.866025 -0.965926 -1.000000 -0.965926 -0.866025 -0.707107 -0.500000 -0.258819 0.000000 0.258819 0.500000 0.707107 0.866025 0.965926 1.000000 0.965926 0.866025 0.707107 0.500000 0.258819
-0.997549 -0.981667 -0.898886 -0.754847 -0.559366 -0.325766 -0.069965 0.190604 0.438183 0.655901 0.828921 0.945451 0.997549 0.981667 0.898886 0.754847 0.559366 0.325766 0.069965 -0.190604 -0.438183 -0.655901 -0.828921 -0.945451
-0.996734 -0.941872 -0.822823 -0.647700 -0.428437 -0.179977 0.080749 0.335971 0.568298 0.761896 0.903572 0.983671 0.996734 0.941872 0.822823 0.647700 0.428437 0.179977 -0.080749 -0.335971 -0.568298 -0.761896 -0.903572 -0.983671
-0.996734 -0.941872 -0.822823 -0.647700 -0.428437 -0.179977 0.080749 0.335971 0.568298 0.761896 0.903572 0.983671 0.996734 0.941872 0.822823 0.647700 0.428437 0.179977 -0.080749 -0.335971 -0.568298 -0.761896 -0.903572 -0.983671
-0.997549 -0.981667 -0.898886 -0.754847 -0.559366 -0.325766 -0.069965 0.190604 0.438183 0.655901 0.828921 0.945451 0.997549 0.981667 0.898886 0.754847 0.559366 0.325766 0.069965 -0.190604 -0.438183 -0.655901 -0.828921 -0.945451
0.160970 0.410929 0.632884 0.811709 0.935217 0.994992 0.986959 0.911667 0.774247 0.584063 0.354076 0.099959 -0.160970 -0.410929 -0.632884 -0.811709 -0.935217 -0.994992 -0.986959 -0.911667 -0.774247 -0.584063 -0.354076 -0.099959
0.978017 0.998662 0.951250 0.839012 0.669596 0.454549 0.208525 -0.051710 -0.308421 -0.544113 -0.742725 -0.890722 -0.978017 -0.998662 -0.951250 -0.839012 -0.669596 -0.454549 -0.208525 0.051710 0.308421 0.544113 0.742725 0.890722
0.978017 0.998662 0.951250 0.839012 0.669596 0.454549 0.208525 -0.051710 -0.308421 -0.544113 -0.742725 -0.890722 -0.978017 -0.998662 -0.951250 -0.839012 -0.669596 -0.454549 -0.208525 0.051710 0.308421 0.544113 0.742725 0.890722
0.800141 0.617634 0.393036 0.141653 -0.119383 -0.372283 -0.599813 -0.786466 -0.919523 -0.989916 -0.992848 -0.928119 -0.800141 -0.617634 -0.393036 -0.141653 0.119383 0.372283 0.599813 0.786466 0.919523 0.989916 0.992848 0.928119
-0.800141 -0.928119 -0.992848 -0.989916 -0.919523 -0.786466 -0.599813 -0.372283 -0.119383 0.141653 0.393036 0.617634 0.800141 0.928119 0.992848 0.989916 0.919523 0.786466 0.599813 0.372283 0.119383 -0.141653 -0.393036 -0.617634
-0.000000 -0.258819 -0.500000 -0.707107 -0.866025 -0.965926 -1.000000 -0.965926 -0.866025 -0.707107 -0.500000 -0.258819 0.000000 0.258819 0.500000 0.707107 0.866025 0.965926 1.000000 0.965926 0.866025 0.707107 0.500000 0.258819
-0.852508 -0.958748 -0.999651 -0.972429 -0.878937 -0.725548 -0.522714 -0.284257 -0.026429 0.233200 0.476937 0.688172 0.852508 0.958748 0.999651 0.972429 0.878937 0.725548 0.522714 0.284257 0.026429 -0.233200 -0.476937 -0.688172
-0.351342 -0.097052 0.163852 0.413590 0.635143 0.813411 0.936247 0.995279 0.986485 0.910463 0.772395 0.581689 0.351342 0.097052 -0.163852 -0.413590 -0.635143 -0.813411 -0.936247 -0.995279 -0.986485 -0.910463 -0.772395 -0.581689
-0.959869 -0.854576 -0.691046 -0.480422 -0.237058 0.022461 0.280450 0.519326 0.722811 0.877038 0.971496 0.999748 0.959869 0.854576 0.691046 0.480422 0.237058 -0.022461 -0.280450 -0.519326 -0.722811 -0.877038 -0.971496 -0.999748
0.852508 0.688172 0.476937 0.233200 -0.026429 -0.284257 -0.522714 -0.725548 -0.878937 -0.972429 -0.999651 -0.958748 -0.852508 -0.688172 -0.476937 -0.233200 0.026429 0.284257 0.522714 0.725548 0.878937 0.972429 0.999651 0.958748
0.959869 0.999748 0.971496 0.877038 0.722811 0.519326 0.280450 0.022461 -0.237058 -0.480422 -0.691046 -0.854576 -0.959869 -0.999748 -0.971496 -0.877038 -0.722811 -0.519326 -0.280450 -0.022461 0.237058 0.480422 0.691046 0.854576
0.351342 0.581689 0.772395 0.910463 0.986485 0.995279 0.936247 0.813411 0.635143 0.413590 0.163852 -0.097052 -0.351342 -0.581689 -0.772395 -0.910463 -0.986485 -0.995279 -0.936247 -0.813411 -0.635143 -0.413590 -0.163852 0.097052
-0.800141 -0.928119 -0.992848 -0.989916 -0.919523 -0.786466 -0.599813 -0.372283 -0.119383 0.141653 0.393036 0.617634 0.800141 0.928119 0.992848 0.989916 0.919523 0.786466 0.599813 0.372283 0.119383 -0.141653 -0.393036 -0.617634
0.800141 0.617634 0.393036 0.141653 -0.119383 -0.372283 -0.599813 -0.786466 -0.919523 -0.989916 -0.992848 -0.928119 -0.800141 -0.617634 -0.393036 -0.141653 0.119383 0.372283 0.599813 0.786466 0.919523 0.989916 0.992848 0.928119
-0.000000 -0.258819 -0.500000 -0.707107 -0.866025 -0.965926 -1.000000 -0.965926 -0.866025 -0.707107 -0.500000 -0.258819 0.000000 0.258819 0.500000 0.707107 0.866025 0.965926 1.000000 0.965926 0.866025 0.707107 0.500000 0.258819
0.852508 0.688172 0.476937 0.233200 -0.026429 -0.284257 -0.522714 -0.725548 -0.878937 -0.972429 -0.999651 -0.958748 -0.852508 -0.688172 -0.476937 -0.233200 0.026429 0.284257 0.522714 0.725548 0.878937 0.972429 0.999651 0.958748
0.351342 0.581689 0.772395 0.910463 0.986485 0.995279 0.936247 0.813411 0.635143 0.413590 0.163852 -0.097052 -0.351342 -0.581689 -0.772395 -0.910463 -0.986485 -0.995279 -0.936247 -0.813411 -0.635143 -0.413590 -0.163852 0.097052
-0.852508 -0.958748 -0.999651 -0.972429 -0.878937 -0.725548 -0.522714 -0.284257 -0.026429 0.233200 0.476937 0.688172 0.852508 0.958748 0.999651 0.972429 0.878937 0.725548 0.522714 0.284257 0.026429 -0.233200 -0.476937 -0.688172
-0.351342 -0.097052 0.163852 0.413590 0.635143 0.813411 0.936247 0.995279 0.986485 0.910463 0.772395 0.581689 0.351342 0.097052 -0.163852 -0.413590 -0.635143 -0.813411 -0.936247 -0.995279 -0.986485 -0.910463 -0.772395 -0.581689
0.909371 0.986050 0.995531 0.937169 0.814940 0.637174 0.415986 0.166449 -0.094431 -0.348876 -0.579546 -0.770720 -0.909371 -0.986050 -0.995531 -0.937169 -0.814940 -0.637174 -0.415986 -0.166449 0.094431 0.348876 0.579546 0.770720
0.909371 0.986050 0.995531 0.937169 0.814940 0.637174 0.415986 0.166449 -0.094431 -0.348876 -0.579546 -0.770720 -0.909371 -0.986050 -0.995531 -0.937169 -0.814940 -0.637174 -0.415986 -0.166449 0.094431 0.348876 0.579546 0.770720
0.806607 0.626137 0.402997 0.152394 -0.108595 -0.362183 -0.591089 -0.779713 -0.915201 -0.988320 -0.994086 -0.932107 -0.806607 -0.626137 -0.402997 -0.152394 0.108595 0.362183 0.591089 0.779713 0.915201 0.988320 0.994086 0.932107
0.302696 0.045705 -0.214401 -0.459896 -0.674049 -0.842268 -0.953087 -0.998955 -0.976746 -0.887973 -0.738686 -0.539059 -0.302696 -0.045705 0.214401 0.459896 0.674049 0.842268 0.953087 0.998955 0.976746 0.887973 0.738686 0.539059
0.753476 0.557635 0.323792 0.067883 -0.192652 -0.440059 -0.657475 -0.830086 -0.946128 -0.997693 -0.981267 -0.897969 -0.753476 -0.557635 -0.323792 -0.067883 0.192652 0.440059 0.657475 0.830086 0.946128 0.997693 0.981267 0.897969
0.276440 0.018288 -0.241111 -0.484079 -0.694057 -0.856737 -0.961031 -0.999833 -0.970498 -0.875024 -0.719920 -0.515754 -0.276440 -0.018288 0.241111 0.484079 0.694057 0.856737 0.961031 0.999833 0.970498 0.875024 0.719920 0.515754
0.302696 0.045705 -0.214401 -0.459896 -0.674049 -0.842268 -0.953087 -0.998955 -0.976746 -0.887973 -0.738686 -0.539059 -0.302696 -0.045705 0.214401 0.459896 0.674049 0.842268 0.953087 0.998955 0.976746 0.887973 0.738686 0.539059
0.276440 0.018288 -0.241111 -0.484079 -0.694057 -0.856737 -0.961031 -0.999833 -0.970498 -0.875024 -0.719920 -0.515754 -0.276440 -0.018288 0.241111 0.484079 0.694057 0.856737 0.961031 0.999833 0.970498 0.875024 0.719920 0.515754
0.753476 0.557635 0.323792 0.067883 -0.192652 -0.440059 -0.657475 -0.830086 -0.946128 -0.997693 -0.981267 -0.897969 -0.753476 -0.557635 -0.323792 -0.067883 0.192652 0.440059 0.657475 0.830086 0.946128 0.997693 0.981267 0.897969
0.909371 0.986050 0.995531 0.937169 0.814940 0.637174 0.415986 0.166449 -0.094431 -0.348876 -0.579546 -0.770720 -0.909371 -0.986050 -0.995531 -0.937169 -0.814940 -0.637174 -0.415986 -0.166449 0.094431 0.348876 0.579546 0.770720
0.909371 0.986050 0.995531 0.937169 0.814940 0.637174 0.415986 0.166449 -0.094431 -0.348876 -0.579546 -0.770720 -0.909371 -0.986050 -0.995531 -0.937169 -0.814940 -0.637174 -0.415986 -0.166449 0.094431 0.348876 0.579546 0.770720
0.806607 0.626137 0.402997 0.152394 -0.108595 -0.362183 -0.591089 -0.779713 -0.915201 -0.988320 -0.994086 -0.932107 -0.806607 -0.626137 -0.402997 -0.152394 0.108595 0.362183 0.591089 0.779713 0.915201 0.988320 0.994086 0.932107
0.302696 0.045705 -0.214401 -0.459896 -0.674049 -0.842268 -0.953087 -0.998955 -0.976746 -0.887973 -0.738686 -0.539059 -0.302696 -0.045705 0.214401 0.459896 0.674049 0.842268 0.953087 0.998955 0.976746 0.887973 0.738686 0.539059
0.753476 0.557635 0.323792 0.067883 -0.192652 -0.440059 -0.657475 -0.830086 -0.946128 -0.997693 -0.981267 -0.897969 -0.753476 -0.557635 -0.323792 -0.067883 0.192652 0.440059 0.657475 0.830086 0.946128 0.997693 0.981267 0.897969
0.302696 0.045705 -0.214401 -0.459896 -0.674049 -0.842268 -0.953087 -0.998955 -0.976746 -0.887973 -0.738686 -0.539059 -0.302696 -0.045705 0.214401 0.459896 0.674049 0.842268 0.953087 0.998955 0.976746 0.887973 0.738686 0.539059
0.753476 0.557635 0.323792 0.067883 -0.192652 -0.440059 -0.657475 -0.830086 -0.946128 -0.997693 -0.981267 -0.897969 -0.753476 -0.557635 -0.323792 -0.067883 0.192652 0.440059 0.657475 0.830086 0.946128 0.997693 0.981267 0.897969
-0.909371 -0.770720 -0.579546 -0.348876 -0.094431 0.166449 0.415986 0.637174 0.814940 0.937169 0.995531 0.986050 0.909371 0.770720 0.579546 0.348876 0.094431 -0.166449 -0.415986 -0.637174 -0.814940 -0.937169 -0.995531 -0.986050
-0.909371 -0.770720 -0.579546 -0.348876 -0.094431 0.166449 0.415986 0.637174 0.814940 0.937169 0.995531 0.986050 0.909371 0.770720 0.579546 0.348876 0.094431 -0.166449 -0.415986 -0.637174 -0.814940 -0.937169 -0.995531 -0.986050
-0.806607 -0.932107 -0.994086 -0.988320 -0.915201 -0.779713 -0.591089 -0.362183 -0.108595 0.152394 0.402997 0.626137 0.806607 0.932107 0.994086 0.988320 0.915201 0.779713 0.591089 0.362183 0.108595 -0.152394 -0.402997 -0.626137
-0.302696 -0.539059 -0.738686 -0.887973 -0.976746 -0.998955 -0.953087 -0.842268 -0.674049 -0.459896 -0.214401 0.045705 0.302696 0.539059 0.738686 0.887973 0.976746 0.998955 0.953087 0.842268 0.674049 0.459896 0.214401 -0.045705
-0.753476 -0.897969 -0.981267 -0.997693 -0.946128 -0.830086 -0.657475 -0.440059 -0.192652 0.067883 0.323792 0.557635 0.753476 0.897969 0.981267 0.997693 0.946128 0.830086 0.657475 0.440059 0.192652 -0.067883 -0.323792 -0.557635
-0.276440 -0.515754 -0.719920 -0.875024 -0.970498 -0.999833 -0.961031 -0.856737 -0.694057 -0.484079 -0.241111 0.018288 0.276440 0.515754 0.719920 0.875024 0.970498 0.999833 0.961031 0.856737 0.694057 0.484079 0.241111 -0.018288
-0.302696 -0.539059 -0.738686 -0.887973 -0.976746 -0.998955 -0.953087 -0.842268 -0.674049 -0.459896 -0.214401 0.045705 0.302696 0.539059 0.738686 0.887973 0.976746 0.998955 0.953087 0.842268 0.674049 0.459896 0.214401 -0.045705
-0.276440 -0.515754 -0.719920 -0.875024 -0.970498 -0.999833 -0.961031 -0.856737 -0.694057 -0.484079 -0.241111 0.018288 0.276440 0.515754 0.719920 0.875024 0.970498 0.999833 0.961031 0.856737 0.694057 0.484079 0.241111 -0.018288
-0.753476 -0.897969 -0.981267 -0.997693 -0.946128 -0.830086 -0.657475 -0.440059 -0.192652 0.067883 0.323792 0.557635 0.753476 0.897969 0.981267 0.997693 0.946128 0.830086 0.657475 0.440059 0.192652 -0.067883 -0.323792 -0.557635
-0.909371 -0.770720 -0.579546 -0.348876 -0.094431 0.166449 0.415986 0.637174 0.814940 0.937169 0.995531 0.986050 0.909371 0.770720 0.579546 0.348876 0.094431 -0.166449 -0.415986 -0.637174 -0.814940 -0.937169 -0.995531 -0.986050
-0.909371 -0.770720 -0.579546 -0.348876 -0.094431 0.166449 0.415986 0.637174 0.814940 0.937169 0.995531 0.986050 0.909371 0.770720 0.579546 0.348876 0.094431 -0.166449 -0.415986 -0.637174 -0.814940 -0.937169 -0.995531 -0.986050
-0.806607 -0.932107 -0.994086 -0.988320 -0.915201 -0.779713 -0.591089 -0.362183 -0.108595 0.152394 0.402997 0.626137 0.806607 0.932107 0.994086 0.988320 0.915201 0.779713 0.591089 0.362183 0.108595 -0.152394 -0.402997 -0.626137
-0.302696 -0.539059 -0.738686 -0.887973 -0.976746 -0.998955 -0.953087 -0.842268 -0.674049 -0.459896 -0.214401 0.045705 0.302696 0.539059 0.738686 0.887973 0.976746 0.998955 0.953087 0.842268 0.674049 0.459896 0.214401 -0.045705
-0.753476 -0.897969 -0.981267 -0.997693 -0.946128 -0.830086 -0.657475 -0.440059 -0.192652 0.067883 0.323792 0.557635 0.753476 0.897969 0.981267 0.997693 0.946128 0.830086 0.657475 0.440059 0.192652 -0.067883 -0.323792 -0.557635
-0.302696 -0.539059 -0.738686 -0.887973 -0.976746 -0.998955 -0.953087 -0.842268 -0.674049 -0.459896 -0.214401 0.045705 0.302696 0.539059 0.738686 0.887973 0.976746 0.998955 0.953087 0.842268 0.674049 0.459896 0.214401 -0.045705
-0.753476 -0.897969 -0.981267 -0.997693 -0.946128 -0.830086 -0.657475 -0.440059 -0.192652 0.067883 0.323792 0.557635 0.753476 0.897969 0.981267 0.997693 0.946128 0.830086 0.657475 0.440059 0.192652 -0.067883 -0.323792 -0.557635
-0.452168 -0.205911 0.054378 0.310961 0.546353 0.744511 0.891933 0.978571 0.998520 0.950423 0.837555 0.667610 0.452168 0.205911 -0.054378 -0.310961 -0.546353 -0.744511 -0.891933 -0.978571 -0.998520 -0.950423 -0.837555 -0.667610
0.524026 0.726607 0.879671 0.972787 0.999609 0.958309 0.851702 0.687053 0.475583 0.231702 -0.027969 -0.285734 -0.524026 -0.726607 -0.879671 -0.972787 -0.999609 -0.958309 -0.851702 -0.687053 -0.475583 -0.231702 0.027969 0.285734
0.925532 0.992002 0.990869 0.922209 0.790703 0.605311 0.378669 0.126221 -0.134829 -0.386691 -0.612200 -0.795989 -0.925532 -0.992002 -0.990869 -0.922209 -0.790703 -0.605311 -0.378669 -0.126221 0.134829 0.386691 0.612200 0.795989
0.452168 0.667610 0.837555 0.950423 0.998520 0.978571 0.891933 0.744511 0.546353 0.310961 0.054378 -0.205911 -0.452168 -0.667610 -0.837555 -0.950423 -0.998520 -0.978571 -0.891933 -0.744511 -0.546353 -0.310961 -0.054378 0.205911
-0.925532 -0.795989 -0.612200 -0.386691 -0.134829 0.126221 0.378669 0.605311 0.790703 0.922209 0.990869 0.992002 0.925532 0.795989 0.612200 0.386691 0.134829 -0.126221 -0.378669 -0.605311 -0.790703 -0.922209 -0.990869 -0.992002
-0.524026 -0.285734 -0.027969 0.231702 0.475583 0.687053 0.851702 0.958309 0.999609 0.972787 0.879671 0.726607 0.524026 0.285734 0.027969 -0.231702 -0.475583 -0.687053 -0.851702 -0.958309 -0.999609 -0.972787 -0.879671 -0.726607
-0.452168 -0.205911 0.054378 0.310961 0.546353 0.744511 0.891933 0.978571 0.998520 0.950423 0.837555 0.667610 0.452168 0.205911 -0.054378 -0.310961 -0.546353 -0.744511 -0.891933 -0.978571 -0.998520 -0.950423 -0.837555 -0.667610
0.925532 0.992002 0.990869 0.922209 0.790703 0.605311 0.378669 0.126221 -0.134829 -0.386691 -0.612200 -0.795989 -0.925532 -0.992002 -0.990869 -0.922209 -0.790703 -0.605311 -0.378669 -0.126221 0.134829 0.386691 0.612200 0.795989
0.524026 0.726607 0.879671 0.972787 0.999609 0.958309 0.851702 0.687053 0.475583 0.231702 -0.027969 -0.285734 -0.524026 -0.726607 -0.879671 -0.972787 -0.999609 -0.958309 -0.851702 -0.687053 -0.475583 -0.231702 0.027969 0.285734
0.452168 0.667610 0.837555 0.950423 0.998520 0.978571 0.891933 0.744511 0.546353 0.310961 0.054378 -0.205911 -0.452168 -0.667610 -0.837555 -0.950423 -0.998520 -0.978571 -0.891933 -0.744511 -0.546353 -0.310961 -0.054378 0.205911
-0.524026 -0.285734 -0.027969 0.231702 0.475583 0.687053 0.851702 0.958309 0.999609 0.972787 0.879671 0.726607 0.524026 0.285734 0.027969 -0.231702 -0.475583 -0.687053 -0.851702 -0.958309 -0.999609 -0.972787 -0.879671 -0.726607
-0.925532 -0.795989 -0.612200 -0.386691 -0.134829 0.126221 0.378669 0.605311 0.790703 0.922209 0.990869 0.992002 0.925532 0.795989 0.612200 0.386691 0.134829 -0.126221 -0.378669 -0.605311 -0.790703 -0.922209 -0.990869 -0.992002
-0.452168 -0.205911 0.054378 0.310961 0.546353 0.744511 0.891933 0.978571 0.998520 0.950423 0.837555 0.667610 0.452168 0.205911 -0.054378 -0.310961 -0.546353 -0.744511 -0.891933 -0.978571 -0.998520 -0.950423 -0.837555 -0.667610
0.524026 0.726607 0.879671 0.972787 0.999609 0.958309 0.851702 0.687053 0.475583 0.231702 -0.027969 -0.285734 -0.524026 -0.726607 -0.879671 -0.972787 -0.999609 -0.958309 -0.851702 -0.687053 -0.475583 -0.231702 0.027969 0.285734
0.925532 0.992002 0.990869 0.922209 0.790703 0.605311 0.378669 0.126221 -0.134829 -0.386691 -0.612200 -0.795989 -0.925532 -0.992002 -0.990869 -0.922209 -0.790703 -0.605311 -0.378669 -0.126221 0.134829 0.386691 0.612200 0.795989
0.452168 0.667610 0.837555 0.950423 0.998520 0.978571 0.891933 0.744511 0.546353 0.310961 0.054378 -0.205911 -0.452168 -0.667610 -0.837555 -0.950423 -0.998520 -0.978571 -0.891933 -0.744511 -0.546353 -0.310961 -0.054378 0.205911
-0.925532 -0.795989 -0.612200 -0.386691 -0.134829 0.126221 0.378669 0.605311 0.790703 0.922209 0.990869 0.992002 0.925532 0.795989 0.612200 0.386691 0.134829 -0.126221 -0.378669 -0.605311 -0.790703 -0.922209 -0.990869 -0.992002
-0.524026 -0.285734 -0.027969 0.231702 0.475583 0.687053 0.851702 0.958309 0.999609 0.972787 0.879671 0.726607 0.524026 0.285734 0.027969 -0.231702 -0.475583 -0.687053 -0.851702 -0.958309 -0.999609 -0.972787 -0.879671 -0.726607
-0.452168 -0.205911 0.054378 0.310961 0.546353 0.744511 0.891933 0.978571 0.998520 0.950423 0.837555 0.667610 0.452168 0.205911 -0.054378 -0.310961 -0.546353 -0.744511 -0.891933 -0.978571 -0.998520 -0.950423 -0.837555 -0.667610
0.925532 0.992002 0.990869 0.922209 0.790703 0.605311 0.378669 0.126221 -0.134829 -0.386691 -0.612200 -0.795989 -0.925532 -0.992002 -0.990869 -0.922209 -0.790703 -0.605311 -0.378669 -0.126221 0.134829 0.386691 0.612200 0.795989
0.524026 0.726607 0.879671 0.972787 0.999609 0.958309 0.851702 0.687053 0.475583 0.231702 -0.027969 -0.285734 -0.524026 -0.726607 -0.879671 -0.972787 -0.999609 -0.958309 -0.851702 -0.687053 -0.475583 -0.231702 0.027969 0.285734
0.452168 0.667610 0.837555 0.950423 0.998520 0.978571 0.891933 0.744511 0.546353 0.310961 0.054378 -0.205911 -0.452168 -0.667610 -0.837555 -0.950423 -0.998520 -0.978571 -0.891933 -0.744511 -0.546353 -0.310961 -0.054378 0.205911
-0.524026 -0.285734 -0.027969 0.231702 0.475583 0.687053 0.851702 0.958309 0.999609 0.972787 0.879671 0.726607 0.524026 0.285734 0.027969 -0.231702 -0.475583 -0.687053 -0.851702 -0.958309 -0.999609 -0.972787 -0.879671 -0.726607
-0.925532 -0.795989 -0.612200 -0.386691 -0.134829 0.126221 0.378669 0.605311 0.790703 0.922209 0.990869 0.992002 0.925532 0.795989 0.612200 0.386691 0.134829 -0.126221 -0.378669 -0.605311 -0.790703 -0.922209 -0.990869 -0.992002
