0.866025
0.866025
0.866025
-0.774247
-0.774247
-0.935217
-0.935217
0.866025
0.108595
0.915201
0.915201
0.108595
0.152190
-0.779842
0.866025
-0.779842
0.152190
0.866025
-0.866025
-0.866025
-0.866025
-0.866025
0.866025
-0.866025
-0.866025
-0.866025
-0.866025
0.152190
-0.779842
0.866025
-0.779842
0.152190
0.779842
0.779842
0.866025
0.779842
0.779842
-0.152190
-0.152190
0.866025
-0.152190
-0.152190
0.919523
0.119383
0.866025
0.026429
-0.986485
-0.722811
0.878937
0.237058
-0.635143
0.119383
0.919523
0.866025
0.878937
-0.635143
0.026429
-0.986485
0.866025
-0.438183
-0.568298
-0.774247
0.308421
0.308421
-0.568298
-0.438183
0.866025
0.559366
0.428437
0.428437
0.559366
-0.935217
-0.669596
-0.669596
0.866025
0.559366
0.428437
-0.935217
-0.669596
-0.669596
0.428437
0.559366
0.866025
-0.438183
-0.568298
-0.568298
-0.438183
-0.774247
0.308421
0.308421
0.919523
0.119383
0.866025
0.026429
-0.986485
-0.722811
0.878937
0.237058
-0.635143
0.119383
0.919523
0.866025
0.878937
-0.635143
0.026429
-0.986485
0.094431
0.094431
0.915201
0.976746
0.946128
0.970498
0.976746
0.970498
0.946128
0.094431
0.094431
0.915201
0.976746
0.946128
0.976746
0.946128
-0.814940
-0.814940
0.108595
0.674049
0.192652
0.694057
0.674049
0.694057
0.192652
-0.814940
-0.814940
0.108595
0.674049
0.192652
0.674049
0.192652
-0.998520
-0.475583
0.134829
-0.546353
-0.790703
-0.999609
-0.998520
0.134829
-0.475583
-0.546353
-0.999609
-0.790703
-0.998520
-0.475583
0.134829
-0.546353
-0.790703
-0.999609
-0.998520
0.134829
-0.475583
-0.546353
-0.999609
-0.790703
