0.707107
0.707107
0.707107
-0.584062
-0.584062
-0.811709
-0.811709
0.707107
-0.152393
0.988320
0.988320
-0.152393
0.402809
-0.915284
0.707107
-0.915284
0.402809
0.707107
-0.707107
-0.707107
-0.707107
-0.707107
0.707107
-0.707107
-0.707107
-0.707107
-0.707107
0.402809
-0.915284
0.707107
-0.915284
0.402809
0.915284
0.915284
0.707107
0.915284
0.915284
-0.402809
-0.402809
0.707107
-0.402809
-0.402809
0.989916
-0.141653
0.707107
-0.233200
-0.910463
-0.877038
0.972429
0.480422
-0.413590
-0.141653
0.989916
0.707107
0.972429
-0.413590
-0.233200
-0.910463
0.707107
-0.655901
-0.761896
-0.584063
0.544113
0.544113
-0.761896
-0.655901
0.707107
0.754847
0.647700
0.647700
0.754847
-0.811709
-0.839012
-0.839012
0.707107
0.754847
0.647700
-0.811709
-0.839012
-0.839012
0.647700
0.754847
0.707107
-0.655901
-0.761896
-0.761896
-0.655901
-0.584063
0.544113
0.544113
0.989916
-0.141653
0.707107
-0.233200
-0.910463
-0.877038
0.972429
0.480422
-0.413590
-0.141653
0.989916
0.707107
0.972429
-0.413590
-0.233200
-0.910463
0.348876
0.348876
0.988320
0.887973
0.997693
0.875024
0.887973
0.875024
0.997693
0.348876
0.348876
0.988320
0.887973
0.997693
0.887973
0.997693
-0.937169
-0.937169
-0.152394
0.459896
-0.067883
0.484079
0.459896
0.484079
-0.067883
-0.937169
-0.937169
-0.152394
0.459896
-0.067883
0.459896
-0.067883
-0.950423
-0.231702
0.386691
-0.310961
-0.922209
-0.972787
-0.950423
0.386691
-0.231702
-0.310961
-0.972787
-0.922209
-0.950423
-0.231702
0.386691
-0.310961
-0.922209
-0.972787
-0.950423
0.386691
-0.231702
-0.310961
-0.972787
-0.922209
