# nx ny nz resolution field_file  (one timestep per line)
1.000000 0.000000 0.300000 0.02 field_0000.txt
0.965926 0.258819 0.300000 0.02 field_0001.txt
0.866025 0.500000 0.300000 0.02 field_0002.txt
0.707107 0.707107 0.300000 0.02 field_0003.txt
0.500000 0.866025 0.300000 0.02 field_0004.txt
0.258819 0.965926 0.300000 0.02 field_0005.txt
0.000000 1.000000 0.300000 0.02 field_0006.txt
-0.258819 0.965926 0.300000 0.02 field_0007.txt
-0.500000 0.866025 0.300000 0.02 field_0008.txt
-0.707107 0.707107 0.300000 0.02 field_0009.txt
-0.866025 0.500000 0.300000 0.02 field_0010.txt
-0.965926 0.258819 0.300000 0.02 field_0011.txt
-1.000000 0.000000 0.300000 0.02 field_0012.txt
-0.965926 -0.258819 0.300000 0.02 field_0013.txt
-0.866025 -0.500000 0.300000 0.02 field_0014.txt
-0.707107 -0.707107 0.300000 0.02 field_0015.txt
-0.500000 -0.866025 0.300000 0.02 field_0016.txt
-0.258819 -0.965926 0.300000 0.02 field_0017.txt
-0.000000 -1.000000 0.300000 0.02 field_0018.txt
0.258819 -0.965926 0.300000 0.02 field_0019.txt
0.500000 -0.866025 0.300000 0.02 field_0020.txt
0.707107 -0.707107 0.300000 0.02 field_0021.txt
0.866025 -0.500000 0.300000 0.02 field_0022.txt
0.965926 -0.258819 0.300000 0.02 field_0023.txt
